[points]
# Fra Angelico-style Fresco Palette (Desaturated Mineral Tones)
# x      y      z      nx      ny      nz      r     g     b

# P ring — entrance (Warm, chalky ochre-grey)
-0.80  -0.50  -0.10    0.000   1.000   0.000   0.58  0.52  0.45
+0.80  -0.50  -0.10    0.000   1.000   0.000   0.58  0.52  0.45
+0.80  +0.10  -0.10   -0.992  -0.124   0.000   0.62  0.56  0.48
+0.55  +0.50  -0.10   -0.740  -0.673   0.000   0.68  0.62  0.54
+0.00  +0.60  -0.10    0.000  -1.000   0.000   0.72  0.66  0.58
-0.55  +0.50  -0.10    0.740  -0.673   0.000   0.68  0.62  0.54
-0.80  +0.10  -0.10    0.992  -0.124   0.000   0.62  0.56  0.48

# Q ring — mid cave (Cool stone/terretta verde influence)
-0.55  -0.38  +0.20    0.000   1.000   0.000   0.42  0.40  0.38
+0.55  -0.38  +0.20    0.000   1.000   0.000   0.42  0.40  0.38
+0.55  +0.05  +0.20   -0.996  -0.090   0.000   0.45  0.43  0.41
+0.38  +0.35  +0.20   -0.735  -0.677   0.000   0.48  0.46  0.44
+0.00  +0.43  +0.20    0.000  -1.000   0.000   0.50  0.48  0.46
-0.38  +0.35  +0.20    0.735  -0.677   0.000   0.48  0.46  0.44
-0.55  +0.05  +0.20    0.996  -0.090   0.000   0.45  0.43  0.41

# R ring — back chamber (Lapis-grey shadows, very low saturation)
-0.25  -0.20  +0.45    0.000   1.000   0.000   0.22  0.22  0.26
+0.25  -0.20  +0.45    0.000   1.000   0.000   0.22  0.22  0.26
+0.25  +0.02  +0.45   -0.997  -0.080   0.000   0.20  0.20  0.24
+0.18  +0.18  +0.45   -0.707  -0.707   0.000   0.18  0.18  0.22
+0.00  +0.23  +0.45    0.000  -1.000   0.000   0.16  0.16  0.20
-0.18  +0.18  +0.45    0.707  -0.707   0.000   0.18  0.18  0.22
-0.25  +0.02  +0.45    0.997  -0.080   0.000   0.20  0.20  0.24

# Back wall center (The "Void" — slate violet-grey)
+0.00  +0.00  +0.50    0.000   0.000  -1.000   0.12  0.12  0.16

[indices]
# P to Q — outer cave walls
# Floor
  0   1   7
  1   8   7
# Right lower wall
  1   2   8
  2   9   8
# Right upper wall
  2   3   9
  3  10   9
# Ceiling right
  3   4  10
  4  11  10
# Ceiling left
  4   5  11
  5  12  11
# Left upper wall
  5   6  12
  6  13  12
# Left lower wall
  6   0  13
  0   7  13

# Q to R — inner cave walls
# Floor
  7   8  14
  8  15  14
# Right lower wall
  8   9  15
  9  16  15
# Right upper wall
  9  10  16
 10  17  16
# Ceiling right
 10  11  17
 11  18  17
# Ceiling left
 11  12  18
 12  19  18
# Left upper wall
 12  13  19
 13  20  19
# Left lower wall
 13   7  20
  7  14  20

# Back wall fan
 21  14  15
 21  15  16
 21  16  17
 21  17  18
 21  18  19
 21  19  20
 21  20  14