[points]
# Spine             x       y       z      nx    ny     nz     r     g     b
-0.002  -0.150   0.000   0.000  0.000  -1.000   0.28  0.14  0.07
 0.002  -0.150   0.000   0.000  0.000  -1.000   0.28  0.14  0.07
 0.002   0.250   0.000   0.000  0.000  -1.000   0.28  0.14  0.07
-0.002   0.250   0.000   0.000  0.000  -1.000   0.28  0.14  0.07
# Indicator
-0.025  -0.025  -0.005   0.000  0.000  -1.000   1.0   0.40  0.10
 0.025  -0.025  -0.005   0.000  0.000  -1.000   1.0   0.40  0.10
 0.025   0.025  -0.005   0.000  0.000  -1.000   1.0   0.40  0.10
-0.025   0.025  -0.005   0.000  0.000  -1.000   1.0   0.40  0.10

[indices]
# Spine
0 1 2
0 2 3
# Indicator
4 5 6
4 6 7